erick@media-pc ~/ml/numpy-warmup-predict-y-from-x $ python predict-y-from-x.py
X and Y numpy arrays
(array([[ 0,  1,  4,  9, 16, 25, 36, 49, 64, 81]]), array([[0, 1, 2, 3, 4, 5, 6, 7, 8, 9]]))
--------------
(0, 5996809.1235647481)
(10000, 1.0886280492049963e-27)
(20000, 1.0886280492049963e-27)
(30000, 1.0886280492049963e-27)
(40000, 1.0886280492049963e-27)
(50000, 1.0886280492049963e-27)
(60000, 1.0886280492049963e-27)
(70000, 1.0886280492049963e-27)
(80000, 1.0886280492049963e-27)

Results X
[[ 0  1  4  9 16 25 36 49 64 81]]
Y  ---------------
[[0 1 2 3 4 5 6 7 8 9]]
Predicated Y ----------------
[[ 0.  1.  2.  3.  4.  5.  6.  7.  8.  9.]]
-----------------------
Load x with new array and make a prediction with model weights set
(array([[  1,   4,   9,  16,  25,  36,  49,  64,  81, 100]]), array([[-42.69031564,   8.82850948,   4.62933006,  49.58603917,
         -0.42948581,   7.55602776,  12.24471874, -22.60244197,
         69.66180938,  63.75834836]]))

